100
55
42 96 28 65 88 31 39 8 68 87 26 46 18 51 75 35 94 46 30 44 67 98 74 82 51 44 8 21 81 75 59 4 67 36 92 2 17 2 64 65 41 81 35 65 77 5 28 33 62 55 18 86 62 67 61
32
37 12 94 86 67 100 67 67 5 93 98 6 88 26 63 30 94 18 12 78 8 42 97 16 92 54 28 91 72 85 90 63
18
88 47 56 89 64 83 17 68 95 90 94 6 81 100 32 33 70 60
88
91 47 86 30 74 85 56 75 39 41 98 58 2 79 68 83 19 12 36 37 64 69 7 45 57 25 85 46 64 45 48 95 22 56 44 31 38 97 12 47 29 71 97 13 57 60 53 80 42 7 21 20 69 16 42 99 15 7 27 20 89 23 27 59 82 60 55 17 38 5 75 46 84 67 34 100 23 48 49 86 28 35 15 73 23 36 82 93
62
30 17 87 14 52 10 1 61 5 78 34 68 99 39 36 34 41 1 8 100 91 65 37 62 98 97 12 2 69 4 90 100 48 49 85 6 83 69 72 69 53 50 38 83 1 61 14 18 24 31 64 92 77 32 98 45 53 20 33 42 23 71
46
48 35 23 69 1 73 95 48 32 21 10 31 3 4 84 99 95 66 96 76 100 61 7 60 59 44 48 77 84 9 44 18 1 84 16 68 30 78 40 70 24 45 7 23 51 4
13
11 7 5 7 65 54 5 1 43 70 35 80 27
62
77 71 16 45 79 11 24 27 94 78 37 67 16 96 41 45 69 39 95 9 98 21 62 88 35 51 28 56 74 29 15 46 41 55 55 7 84 34 24 91 84 42 45 67 76 10 54 4 66 15 22 5 56 62 43 32 88 53 26 51 64 10
14
70 58 92 100 3 87 46 1 50 50 87 19 11 87
17
73 80 69 12 96 83 41 33 61 16 96 22 73 30 94 80 11
36
84 36 53 25 27 21 30 69 62 27 42 34 66 28 90 21 52 99 45 79 71 42 15 2 98 2 70 89 8 38 2 42 46 64 73 85
65
71 31 74 93 98 62 90 81 28 9 44 28 64 94 45 47 74 49 52 72 59 75 4 66 57 32 54 42 11 17 75 81 84 4 94 55 97 19 14 88 44 79 63 13 18 30 81 61 49 84 25 60 14 79 67 52 81 52 35 38 35 99 72 39 83
94
53 60 8 50 54 63 9 59 23 22 34 97 72 21 34 87 80 79 50 31 86 65 97 94 81 3 84 33 66 27 72 56 12 91 6 54 10 65 94 85 73 81 71 8 80 23 98 2 75 13 37 77 85 95 34 34 88 45 99 23 62 49 24 90 93 1 23 88 62 43 16 74 55 44 14 98 22 14 20 86 33 49 3 56 68 16 23 97 84 39 76 72 17 96
91
9 53 46 53 39 42 33 63 53 46 40 6 32 95 31 21 5 78 45 69 37 91 57 77 46 93 31 70 8 69 49 92 36 81 86 41 91 95 55 62 94 23 33 48 68 41 30 24 74 30 95 75 14 90 29 7 94 75 35 58 87 4 72 92 3 64 49 94 52 15 49 49 14 61 90 28 64 58 51 66 14 9 64 24 45 86 70 74 28 22 72
43
29 24 17 30 27 89 66 38 95 47 42 69 40 99 81 93 68 88 22 87 95 4 84 4 18 45 98 5 84 22 98 50 15 47 87 15 95 42 75 29 51 16 83
6
80 11 48 15 90 57
58
2 96 29 59 1 43 52 54 5 38 31 1 30 53 8 7 66 79 6 78 8 84 96 4 51 83 68 64 23 36 40 92 32 9 5 61 49 98 8 30 22 83 6 12 24 77 54 22 44 92 33 84 11 47 81 25 69 80
42
13 37 41 93 80 8 71 13 1 80 19 91 42 3 86 97 28 96 21 51 62 81 24 2 5 61 27 73 54 100 11 1 75 1 66 23 62 67 61 35 92 47
4
35 54 45 59
25
18 1 76 46 11 16 82 31 88 75 100 98 14 55 28 13 69 77 34 84 98 20 7 85 82
61
11 51 85 47 63 75 84 51 31 3 39 33 11 67 51 24 75 23 87 22 28 14 85 96 97 15 68 16 46 77 91 24 63 35 76 82 65 30 34 52 33 30 68 86 73 55 80 73 87 3 71 30 86 4 49 4 67 100 71 51 93
89
75 25 77 30 51 65 45 5 46 61 26 91 44 36 71 5 100 9 64 8 51 15 23 79 22 5 53 75 60 88 40 99 89 82 60 98 90 53 64 50 98 65 82 62 93 22 21 62 71 9 98 53 67 16 1 7 4 65 58 57 43 67 28 17 66 3 20 14 25 42 25 12 43 70 2 68 68 86 52 70 88 9 10 6 10 18 66 16 94
1
11
80
12 38 72 86 2 15 90 2 39 99 8 2 65 76 13 47 68 44 35 70 53 68 79 15 58 45 70 35 98 60 38 25 10 86 100 46 65 43 96 2 6 36 9 34 56 40 40 92 51 57 55 36 100 35 50 12 77 60 80 26 58 75 93 25 7 42 84 37 59 63 33 2 16 7 65 19 40 42 29 8
91
57 70 73 38 85 58 46 16 67 72 83 83 41 24 22 17 40 77 67 59 10 14 43 46 33 59 97 12 85 30 49 85 83 90 22 39 15 67 75 47 47 2 64 89 72 41 50 49 56 6 4 43 12 53 75 95 49 52 80 42 98 51 85 13 48 67 86 19 12 73 12 61 20 2 27 60 8 82 51 59 75 80 88 57 87 25 3 13 61 83 41
60
100 90 34 43 71 27 100 89 57 97 53 36 9 85 31 47 46 47 19 58 89 82 87 18 72 66 44 70 81 68 86 75 68 13 66 30 17 80 2 39 85 22 39 2 19 75 63 75 10 62 28 12 61 44 69 45 2 5 32 91
66
71 88 26 65 11 95 16 85 45 27 87 58 92 60 40 21 70 13 4 43 17 72 71 64 38 3 64 30 1 17 84 76 65 51 59 20 37 23 27 20 19 39 26 57 80 26 90 32 52 68 98 50 95 90 40 45 53 87 33 39 6 29 81 46 1 80
56
77 6 97 44 70 9 37 84 92 85 59 39 75 44 80 89 54 9 38 7 89 52 55 82 63 5 86 30 21 75 9 34 43 94 81 67 26 71 23 24 63 39 97 65 79 15 69 45 8 66 88 52 59 11 1 41
62
5 46 34 16 64 40 81 15 38 87 83 21 69 56 48 57 63 95 30 48 44 19 73 51 66 60 70 88 19 23 82 89 10 91 82 88 51 39 53 76 36 11 34 90 12 37 26 55 76 21 83 93 91 78 82 52 6 90 11 20 39 51
43
52 20 48 18 4 68 40 45 39 51 97 78 14 55 88 99 61 26 94 60 99 24 98 16 31 76 30 45 2 83 11 98 18 96 25 2 1 92 42 87 71 36 69
60
80 99 74 43 2 85 84 49 93 28 91 59 67 30 48 29 26 4 98 61 76 26 50 50 59 42 40 45 65 41 39 48 13 51 19 37 98 58 6 26 72 58 38 94 65 16 60 2 21 36 36 78 5 60 63 97 65 82 64 56
68
45 96 94 16 3 84 67 90 76 92 18 11 54 17 43 52 9 99 98 27 26 16 2 46 44 20 65 43 56 45 92 53 52 46 69 63 19 23 83 46 64 59 6 59 65 74 96 13 77 43 95 88 59 64 52 59 17 61 28 67 21 7 65 20 99 78 66 3
48
93 10 21 41 33 94 36 18 51 50 23 20 25 99 22 73 67 22 95 47 74 47 6 40 46 50 52 81 97 65 58 77 19 72 32 91 95 66 37 17 58 33 83 99 22 28 92 11
13
2 98 63 96 69 79 26 18 32 98 54 89 62
92
74 20 33 82 90 41 66 98 15 37 81 17 33 96 90 28 66 91 93 37 24 45 96 76 34 83 31 89 39 92 9 76 87 47 88 100 11 80 53 96 3 62 61 36 6 57 83 6 4 19 59 100 15 90 14 25 32 30 99 22 47 21 78 55 5 22 11 6 17 38 40 51 89 4 50 12 95 32 54 76 40 14 72 70 14 16 64 67 64 13 96 12
54
43 60 81 100 96 68 11 72 56 95 50 26 2 57 11 6 93 2 91 31 28 71 20 99 53 6 10 55 21 17 32 97 76 64 13 82 17 4 48 65 27 70 62 41 62 27 14 74 31 48 82 47 46 66
78
6 19 52 9 72 43 60 82 7 83 90 15 13 69 62 8 79 90 73 91 74 51 11 100 24 20 100 18 3 46 3 63 65 76 70 89 95 61 91 49 8 12 86 32 28 31 92 7 26 64 95 16 45 73 60 3 50 15 86 78 23 78 63 55 38 38 11 17 17 97 83 46 56 91 24 76 8 54
8
19 15 23 18 25 19 28 65
79
35 84 49 80 48 88 34 87 44 100 16 34 5 97 76 8 100 100 59 34 48 15 100 38 44 18 72 79 35 48 83 13 60 83 26 48 89 54 3 51 100 6 9 87 7 47 45 32 83 99 68 39 84 91 22 20 48 53 42 82 50 33 10 41 96 12 70 15 42 87 64 98 49 84 2 33 84 61 8
33
10 64 47 90 32 94 71 42 80 44 36 73 91 48 46 94 83 56 50 57 11 98 43 65 31 74 63 68 3 85 43 20 47
87
80 100 21 100 74 8 62 91 77 69 2 55 23 92 81 13 29 17 81 29 41 19 10 68 7 27 80 34 7 92 25 77 3 21 90 18 1 73 9 10 11 62 71 83 80 81 19 100 18 20 80 87 22 45 19 38 40 54 44 52 88 74 97 88 35 40 19 54 50 89 62 33 68 14 99 29 26 27 16 13 16 25 10 80 94 23 77
76
20 35 97 83 45 10 49 93 22 25 41 82 30 98 91 72 1 32 93 83 5 22 52 1 8 37 93 80 96 88 5 18 92 27 58 3 76 71 92 81 90 18 27 40 17 61 63 23 14 94 77 7 97 51 40 58 98 32 88 91 73 100 46 84 19 65 84 56 11 54 34 54 20 28 61 34
23
37 3 66 62 85 52 91 86 53 15 62 14 25 71 85 38 8 76 79 87 19 85 46
19
10 12 98 15 46 8 30 95 68 33 26 59 100 93 93 59 25 45 40
64
8 59 30 8 56 63 85 30 37 76 17 40 48 53 80 65 97 7 34 54 58 4 13 99 72 92 68 74 23 23 67 15 14 51 63 70 39 72 3 41 8 85 6 14 35 17 51 40 52 78 13 53 100 92 53 35 8 49 40 21 90 72 1 17
47
20 14 15 82 94 50 28 92 21 83 20 28 24 45 69 53 18 67 18 14 38 84 35 25 77 93 33 31 8 17 72 54 84 20 66 29 81 24 23 92 67 85 39 43 87 41 68
48
1 60 41 39 41 32 54 78 67 82 41 5 11 71 73 56 45 78 56 82 18 7 74 17 87 85 55 83 17 71 1 98 18 24 24 40 97 99 38 32 56 25 15 29 22 99 63 12
75
18 49 40 44 26 84 18 90 13 56 45 51 47 24 31 62 91 97 8 31 75 49 55 55 41 93 79 72 57 72 91 96 70 81 49 99 29 42 52 59 71 34 16 88 97 8 86 79 89 66 56 25 63 100 26 56 79 52 18 62 13 82 37 74 64 92 22 15 7 24 50 94 94 81 5
88
33 82 76 88 46 5 87 30 47 63 30 95 53 4 2 47 87 98 29 53 94 21 22 85 6 58 17 4 9 92 15 71 47 91 89 25 90 22 30 83 95 26 58 89 44 29 12 79 11 76 60 19 19 49 6 100 17 28 1 8 50 4 3 90 47 32 47 31 13 99 37 90 23 97 79 97 68 47 84 6 37 24 93 6 99 56 21 41
48
33 53 38 12 85 84 56 26 28 89 97 8 19 15 46 99 3 96 88 70 45 45 37 29 38 65 93 57 94 40 55 23 31 1 71 23 75 100 74 54 50 89 56 97 33 33 12 35
61
94 12 92 48 16 43 68 33 55 37 51 19 90 14 14 60 15 61 79 18 12 10 88 89 28 18 38 66 46 74 95 71 92 63 48 16 37 88 84 46 16 69 4 18 56 18 42 49 32 11 4 89 10 30 33 58 61 41 85 42 71
15
59 53 88 13 76 49 74 65 91 97 7 69 4 89 82
32
77 45 7 26 58 42 70 90 75 21 20 61 60 25 43 44 56 83 47 12 22 11 18 29 47 62 97 29 4 26 35 47
4
18 58 100 33
59
95 40 84 30 11 88 49 78 59 99 60 20 83 54 24 73 83 64 98 1 26 50 90 98 40 79 28 18 85 32 49 28 78 62 11 88 76 16 6 70 7 15 32 13 12 46 56 77 74 79 35 97 41 11 47 41 76 45 95
86
57 66 98 11 3 31 87 89 99 12 46 10 62 84 81 26 25 41 21 97 18 13 65 15 99 73 59 94 84 84 75 18 22 95 1 67 41 84 30 75 9 57 21 99 24 31 97 47 55 98 59 82 36 34 14 11 95 34 11 3 59 68 14 58 95 18 76 27 92 84 39 11 38 10 79 20 18 71 86 84 74 93 38 11 71 71
21
93 2 80 81 10 22 62 78 74 5 84 45 60 13 23 26 12 93 39 68 20
96
84 71 61 61 11 26 42 56 46 6 53 27 35 19 100 17 57 77 17 51 47 22 2 80 58 87 52 54 96 68 82 93 10 19 57 4 82 59 25 50 46 41 71 91 1 71 56 11 9 9 60 42 81 61 29 64 67 2 17 79 38 27 27 42 18 88 5 96 16 69 58 34 80 78 14 86 64 83 72 97 67 17 95 89 29 44 48 94 65 31 53 61 4 21 11 63
72
45 25 41 65 88 30 48 94 53 67 43 47 98 3 90 74 61 70 85 88 85 77 17 21 82 54 71 43 94 30 99 94 6 21 14 60 80 44 87 19 82 6 2 91 59 76 31 2 17 13 58 57 31 30 46 69 83 5 87 81 90 12 86 38 39 52 64 77 78 67 72 23
66
87 13 11 44 92 15 51 41 11 43 88 30 92 77 4 6 5 57 93 18 56 17 87 60 64 14 36 40 70 14 63 19 57 93 3 60 19 99 18 9 70 52 38 58 23 33 14 8 80 42 60 16 100 76 14 65 19 29 6 31 95 82 26 74 82 9
72
79 92 26 58 9 80 3 82 26 46 94 52 95 36 6 12 94 50 34 89 70 70 49 62 76 52 67 93 76 12 59 69 41 21 33 56 45 18 53 32 81 91 33 29 21 70 56 88 86 47 24 14 3 21 49 92 33 53 86 42 87 88 55 90 18 16 48 90 38 47 37 52
60
92 78 85 56 62 5 72 34 70 33 13 9 63 86 97 64 20 11 43 85 34 14 7 14 90 50 71 90 89 25 47 40 14 44 25 86 16 40 96 4 69 42 9 46 6 83 88 56 4 9 64 64 93 60 41 97 95 84 96 18
10
33 68 61 33 12 76 77 83 22 33
2
94 87
50
27 80 9 89 32 28 64 63 34 99 24 87 36 83 13 67 59 3 14 75 59 89 46 98 15 41 22 35 27 2 59 16 9 70 71 33 82 53 25 98 18 66 46 21 65 78 26 39 27 76
64
45 43 25 37 44 99 48 13 32 79 17 11 44 99 12 86 66 93 7 60 84 24 35 72 28 17 39 70 100 88 93 18 93 47 59 65 61 9 53 47 2 58 67 82 69 52 62 9 15 85 58 29 2 39 94 56 7 25 95 14 99 88 38 53
84
40 5 71 25 77 88 47 28 28 16 40 87 42 95 69 77 74 41 14 91 5 55 90 34 83 46 86 10 57 78 84 92 91 20 51 40 47 40 78 11 53 63 75 54 88 8 38 70 80 29 26 19 73 45 11 94 25 28 37 8 42 38 4 35 66 59 88 39 83 19 11 94 61 81 97 23 61 17 59 17 19 63 95 14
47
86 94 22 9 12 43 54 35 58 8 80 67 52 63 49 93 47 59 29 48 10 46 74 79 58 53 55 7 57 77 37 12 8 88 26 33 40 2 78 48 2 5 100 89 93 75 91
73
73 41 84 42 94 15 13 77 87 75 98 57 23 86 39 2 72 17 63 88 58 71 35 37 18 39 18 64 84 49 16 63 61 18 36 67 45 24 10 71 76 94 40 83 83 23 33 34 18 12 64 34 15 65 42 78 73 97 62 87 27 1 68 87 99 57 8 84 46 80 64 93 56
49
85 30 55 19 29 4 9 42 41 63 59 54 10 95 25 39 45 56 62 38 19 86 58 99 32 15 51 51 100 91 40 89 47 79 65 23 97 97 26 54 50 63 82 98 79 60 12 67 22
62
31 56 6 14 63 96 21 50 14 95 72 97 64 1 88 68 75 46 69 7 42 33 92 58 71 86 17 61 63 22 57 33 49 77 88 77 26 67 98 11 96 89 94 88 48 14 80 79 14 86 3 80 7 7 14 68 56 94 21 34 25 55
94
61 95 10 57 61 47 45 63 20 92 44 78 26 100 32 73 82 81 99 89 10 30 7 5 49 31 53 46 100 68 20 26 3 22 26 34 68 42 97 65 63 68 50 95 20 47 62 61 87 18 34 11 75 74 9 100 85 1 56 80 25 74 49 16 49 86 50 62 48 51 72 59 58 58 63 77 99 2 25 52 33 27 63 75 65 21 62 79 28 97 50 36 94 88
11
45 56 78 1 17 71 29 54 81 24 67
92
52 69 65 44 60 24 53 13 91 58 69 22 34 30 65 76 89 40 34 54 3 76 28 49 3 84 21 34 79 77 71 73 45 56 92 16 19 63 76 37 58 77 7 16 34 40 43 61 75 77 60 61 24 98 98 62 85 19 59 12 46 33 46 61 3 30 19 17 100 56 12 46 5 26 43 17 94 72 80 26 95 71 98 93 56 72 89 93 23 56 59 97
18
72 8 41 6 81 42 58 56 70 80 5 55 61 69 1 74 76 56
15
4 1 67 49 21 20 41 90 67 59 57 69 41 10 40
16
62 48 4 91 18 73 70 41 60 18 64 19 43 62 27 63
26
27 8 38 57 88 26 20 3 4 12 51 45 59 31 19 40 14 6 81 26 97 72 67 65 85 97
31
84 44 45 94 10 28 45 39 12 62 56 80 6 87 97 36 65 95 69 69 35 17 32 60 68 43 83 91 44 30 89
2
89 33
69
25 67 98 90 9 76 21 42 85 16 84 12 63 17 98 82 11 72 40 90 39 9 73 67 8 35 37 41 72 99 36 97 96 33 44 43 12 55 80 1 12 98 19 37 41 98 8 66 13 38 51 35 67 56 84 27 39 2 6 16 56 29 67 91 39 44 26 87 15
96
53 89 93 15 68 76 22 11 38 88 2 45 98 49 67 65 73 1 27 36 18 93 75 39 97 19 4 61 48 96 62 92 51 94 83 56 20 84 97 73 90 17 59 5 13 94 4 69 34 95 41 57 71 3 24 37 2 19 74 75 34 92 75 50 50 8 62 71 13 3 30 14 74 94 27 19 9 55 50 11 60 54 40 13 79 31 72 40 18 34 15 35 57 88 75 50
62
26 4 74 69 95 30 72 60 92 35 22 80 36 48 11 44 26 73 49 36 17 94 43 85 39 56 55 67 47 29 20 27 17 34 5 90 41 41 66 54 26 38 39 39 96 87 6 45 94 48 68 88 17 44 55 7 15 44 41 1 87 11
69
21 13 39 30 98 8 86 25 90 43 49 24 14 45 58 39 86 80 28 70 93 11 43 59 20 46 55 65 80 78 33 44 17 54 92 83 91 22 58 92 6 94 72 27 14 45 30 66 89 6 1 16 97 30 25 19 25 52 55 22 34 77 16 42 53 16 32 56 87
85
61 83 69 36 98 28 29 81 10 56 77 33 81 28 55 24 94 43 56 88 98 3 81 60 24 69 66 75 45 31 53 94 2 31 79 93 79 97 1 89 15 20 70 89 33 57 74 63 97 84 46 16 64 63 19 59 24 11 29 46 47 26 1 97 65 43 68 93 56 4 52 93 64 50 88 74 56 80 12 72 87 41 28 30 22
15
62 22 93 32 8 82 43 48 98 26 75 39 68 99 97
9
56 100 58 46 83 91 96 39 72
94
91 54 64 31 67 5 40 52 46 70 40 35 97 38 54 1 28 51 75 81 21 2 64 75 97 25 71 46 61 1 10 59 46 80 52 87 52 1 31 70 44 79 58 29 28 91 100 97 63 24 85 73 77 69 48 34 28 42 4 81 52 63 26 85 60 14 87 37 49 69 98 88 14 59 29 59 45 3 45 72 61 77 94 84 1 57 91 45 67 70 62 41 57 16
8
73 48 36 28 23 93 39 81
66
65 48 48 55 52 94 15 40 5 43 62 58 56 7 31 96 76 55 61 42 55 12 89 15 67 35 73 23 5 30 40 20 41 36 49 83 3 17 19 33 24 32 49 75 90 54 15 31 85 23 81 99 50 31 83 51 80 73 77 86 68 27 51 85 29 54
27
80 85 47 49 5 86 34 80 82 16 30 43 41 70 46 35 38 72 50 59 77 60 33 100 96 51 9
2
15 57
79
10 18 68 24 10 59 98 17 77 68 34 95 96 11 76 71 97 81 35 72 29 76 18 100 30 41 18 80 33 52 59 98 26 40 49 17 24 22 76 56 66 21 31 34 4 41 94 62 17 89 83 61 90 17 75 12 59 44 52 76 64 57 76 79 67 60 51 21 28 39 10 11 65 1 24 30 80 51 17
87
97 26 17 46 88 88 54 12 39 34 65 94 36 77 59 30 93 92 82 92 79 42 29 82 100 36 17 28 84 17 17 30 19 59 92 46 17 29 24 25 58 7 23 57 63 46 30 44 28 89 48 51 76 83 72 13 53 26 72 30 29 98 1 56 18 26 89 77 88 4 93 85 36 31 83 17 82 86 85 52 96 71 7 77 70 97 49
33
46 70 76 70 5 7 22 69 1 33 48 52 92 92 76 74 25 10 60 55 78 2 29 67 18 66 7 78 63 78 44 42 62
9
39 44 21 80 71 19 10 57 28
74
39 62 94 16 42 48 27 46 81 54 42 11 48 33 57 91 38 36 86 18 85 51 62 38 70 1 45 4 12 78 50 79 84 66 78 46 69 56 47 94 77 90 7 22 7 38 56 47 91 100 7 91 31 40 36 74 55 46 52 63 43 44 57 27 67 80 65 12 87 47 6 96 92 10
53
12 48 47 58 38 69 89 14 60 80 55 42 60 31 39 71 49 75 43 50 43 76 64 98 42 81 69 80 79 76 97 43 71 21 33 8 52 70 73 87 78 80 50 55 38 72 59 22 25 72 94 53 78
83
98 62 5 25 10 6 63 56 60 22 69 12 35 76 38 5 7 84 99 43 43 36 10 29 39 66 67 2 26 81 45 72 13 49 47 69 90 76 65 76 55 1 54 67 31 58 39 34 70 98 66 13 59 8 71 38 31 39 27 65 99 6 51 79 98 26 35 56 68 37 95 96 98 5 16 4 67 38 28 34 23 100 92
70
26 80 82 15 75 16 38 89 13 25 32 88 25 65 34 29 5 98 92 24 85 62 29 2 60 55 4 63 82 100 39 55 3 88 26 96 26 14 75 75 35 26 52 99 86 16 98 30 1 54 89 20 99 75 72 41 31 9 95 62 82 82 46 10 96 59 19 93 34 88
